	22.0	23.0	24.0	25.0	26.0	27.0	28.0	29.0	30.0	31.0	32.0	33.0	34.0	35.0	36.0	37.0
CRR240976_f1	5.0	117.0	983.0	4219.0	13266.0	32146.0	66318.0	121195.0	201086.0	312703.0	471192.0	715244.0	1144261.0	2297286.0	14220360.0	5153908.0
	22.0	23.0	24.0	25.0	26.0	27.0	28.0	29.0	30.0	31.0	32.0	33.0	34.0	35.0	36.0	37.0
CRR240976_r2	143.0	1758.0	7893.0	23176.0	51492.0	97265.0	159511.0	238840.0	334882.0	450809.0	601333.0	811541.0	1169466.0	2023456.0	12277540.0	6505184.0
	22.0	23.0	24.0	25.0	26.0	27.0	28.0	29.0	30.0	31.0	32.0	33.0	34.0	35.0	36.0	37.0
CRR240977_f1	4.0	98.0	875.0	3925.0	12344.0	30931.0	64240.0	118143.0	197487.0	309259.0	468897.0	711262.0	1146195.0	2302277.0	14502924.0	5733846.0
	21.0	22.0	23.0	24.0	25.0	26.0	27.0	28.0	29.0	30.0	31.0	32.0	33.0	34.0	35.0	36.0	37.0
CRR240977_r2	1.0	146.0	1955.0	8610.0	25803.0	57332.0	105622.0	172345.0	255559.0	355453.0	476438.0	629400.0	845393.0	1209125.0	2082910.0	12594063.0	6782552.0
	22.0	23.0	24.0	25.0	26.0	27.0	28.0	29.0	30.0	31.0	32.0	33.0	34.0	35.0	36.0	37.0
CRR240978_f1	5.0	72.0	774.0	3143.0	9921.0	24777.0	51517.0	93873.0	157420.0	247308.0	375978.0	573022.0	929377.0	1876315.0	11801328.0	4477086.0
	22.0	23.0	24.0	25.0	26.0	27.0	28.0	29.0	30.0	31.0	32.0	33.0	34.0	35.0	36.0	37.0
CRR240978_r2	129.0	1582.0	7187.0	21132.0	47329.0	86138.0	140529.0	208696.0	288999.0	386635.0	513116.0	685957.0	981949.0	1689196.0	10176502.0	5386840.0
	22.0	23.0	24.0	25.0	26.0	27.0	28.0	29.0	30.0	31.0	32.0	33.0	34.0	35.0	36.0	37.0
CRR240979_f1	4.0	96.0	689.0	3140.0	10155.0	25312.0	52315.0	95254.0	157907.0	247852.0	374603.0	569815.0	916358.0	1842678.0	11618484.0	4335083.0
	22.0	23.0	24.0	25.0	26.0	27.0	28.0	29.0	30.0	31.0	32.0	33.0	34.0	35.0	36.0	37.0
CRR240979_r2	99.0	1272.0	5887.0	17381.0	39565.0	74643.0	122142.0	183532.0	257881.0	350513.0	468647.0	636175.0	919787.0	1594016.0	10003354.0	5574851.0
	22.0	23.0	24.0	25.0	26.0	27.0	28.0	29.0	30.0	31.0	32.0	33.0	34.0	35.0	36.0	37.0
CRR240980_f1	4.0	77.0	621.0	2620.0	8205.0	20618.0	44458.0	84173.0	144311.0	233689.0	365996.0	573490.0	949173.0	1922189.0	12408810.0	3860560.0
	22.0	23.0	24.0	25.0	26.0	27.0	28.0	29.0	30.0	31.0	32.0	33.0	34.0	35.0	36.0	37.0
CRR240980_r2	152.0	1635.0	7054.0	20317.0	44951.0	82546.0	134430.0	198891.0	278349.0	375947.0	498264.0	677956.0	985501.0	1757938.0	10807549.0	4747514.0
	22.0	23.0	24.0	25.0	26.0	27.0	28.0	29.0	30.0	31.0	32.0	33.0	34.0	35.0	36.0	37.0
CRR240981_f1	10.0	182.0	1422.0	6406.0	19820.0	48876.0	99868.0	179877.0	295443.0	454515.0	674095.0	997065.0	1548806.0	2860000.0	11521415.0	1883936.0
	22.0	23.0	24.0	25.0	26.0	27.0	28.0	29.0	30.0	31.0	32.0	33.0	34.0	35.0	36.0	37.0
CRR240981_r2	123.0	1595.0	7029.0	21556.0	50917.0	98142.0	167180.0	259410.0	374027.0	517380.0	701398.0	961282.0	1395366.0	2398343.0	10584274.0	3053714.0
	22.0	23.0	24.0	25.0	26.0	27.0	28.0	29.0	30.0	31.0	32.0	33.0	34.0	35.0	36.0	37.0
CRR240982_f1	7.0	169.0	1352.0	5886.0	18667.0	45344.0	93988.0	170644.0	280665.0	437386.0	652062.0	969753.0	1516059.0	2803425.0	11729990.0	2068849.0
	22.0	23.0	24.0	25.0	26.0	27.0	28.0	29.0	30.0	31.0	32.0	33.0	34.0	35.0	36.0	37.0
CRR240982_r2	154.0	1829.0	8287.0	24917.0	57936.0	110256.0	185091.0	280923.0	399768.0	546710.0	732518.0	989219.0	1417227.0	2408017.0	10578323.0	3053071.0
	22.0	23.0	24.0	25.0	26.0	27.0	28.0	29.0	30.0	31.0	32.0	33.0	34.0	35.0	36.0	37.0
CRR240983_f1	2.0	103.0	660.0	2757.0	9044.0	22532.0	48302.0	91211.0	157437.0	255464.0	401759.0	632355.0	1050365.0	2148422.0	13175726.0	3523806.0
	22.0	23.0	24.0	25.0	26.0	27.0	28.0	29.0	30.0	31.0	32.0	33.0	34.0	35.0	36.0	37.0
CRR240983_r2	161.0	1895.0	8244.0	23413.0	50853.0	93806.0	152107.0	224403.0	312315.0	419949.0	558685.0	758452.0	1104781.0	1983247.0	11525632.0	4302002.0
	22.0	23.0	24.0	25.0	26.0	27.0	28.0	29.0	30.0	31.0	32.0	33.0	34.0	35.0	36.0	37.0
CRR240984_f1	8.0	73.0	609.0	2739.0	8649.0	22204.0	48546.0	93364.0	163332.0	269339.0	428395.0	684271.0	1162495.0	2441439.0	14416268.0	2982141.0
	22.0	23.0	24.0	25.0	26.0	27.0	28.0	29.0	30.0	31.0	32.0	33.0	34.0	35.0	36.0	37.0
CRR240984_r2	197.0	1987.0	8857.0	25271.0	56180.0	102724.0	166928.0	246662.0	344889.0	463609.0	615826.0	836549.0	1221257.0	2191729.0	12205157.0	4236050.0
	22.0	23.0	24.0	25.0	26.0	27.0	28.0	29.0	30.0	31.0	32.0	33.0	34.0	35.0	36.0	37.0
CRR240985_f1	6.0	183.0	1430.0	6408.0	21084.0	52157.0	110294.0	201728.0	334058.0	516425.0	773925.0	1146199.0	1787603.0	3296684.0	14252653.0	2761865.0
	22.0	23.0	24.0	25.0	26.0	27.0	28.0	29.0	30.0	31.0	32.0	33.0	34.0	35.0	36.0	37.0
CRR240985_r2	144.0	1881.0	8980.0	27632.0	64336.0	124844.0	210141.0	323178.0	460366.0	632618.0	849074.0	1152270.0	1655048.0	2810459.0	12834642.0	4107089.0
	22.0	23.0	24.0	25.0	26.0	27.0	28.0	29.0	30.0	31.0	32.0	33.0	34.0	35.0	36.0	37.0
CRR240986_f1	3.0	145.0	999.0	4351.0	14002.0	34537.0	73206.0	135880.0	228580.0	362631.0	555184.0	853643.0	1382834.0	2789736.0	15492179.0	5341033.0
	22.0	23.0	24.0	25.0	26.0	27.0	28.0	29.0	30.0	31.0	32.0	33.0	34.0	35.0	36.0	37.0
CRR240986_r2	208.0	2425.0	10801.0	31808.0	71714.0	133631.0	217265.0	323999.0	452200.0	611301.0	814601.0	1115005.0	1651579.0	2955042.0	13480606.0	5396758.0
	22.0	23.0	24.0	25.0	26.0	27.0	28.0	29.0	30.0	31.0	32.0	33.0	34.0	35.0	36.0	37.0
CRR240987_f1	5.0	150.0	982.0	4894.0	15112.0	37563.0	78512.0	145203.0	243220.0	384545.0	588742.0	899347.0	1457040.0	2933803.0	16232042.0	5291123.0
	22.0	23.0	24.0	25.0	26.0	27.0	28.0	29.0	30.0	31.0	32.0	33.0	34.0	35.0	36.0	37.0
CRR240987_r2	187.0	2447.0	10618.0	31985.0	71648.0	134444.0	221394.0	329601.0	463789.0	626238.0	843481.0	1153579.0	1722717.0	3081460.0	14063999.0	5554696.0
	22.0	23.0	24.0	25.0	26.0	27.0	28.0	29.0	30.0	31.0	32.0	33.0	34.0	35.0	36.0	37.0
CRR240988_f1	5.0	101.0	786.0	3232.0	10626.0	26411.0	56384.0	104495.0	177299.0	282889.0	437106.0	672510.0	1095846.0	2190879.0	11537815.0	3430311.0
	22.0	23.0	24.0	25.0	26.0	27.0	28.0	29.0	30.0	31.0	32.0	33.0	34.0	35.0	36.0	37.0
CRR240988_r2	190.0	2281.0	10139.0	28914.0	63114.0	116000.0	185733.0	271839.0	373103.0	496881.0	655590.0	884272.0	1294437.0	2274007.0	9915370.0	3454825.0
	22.0	23.0	24.0	25.0	26.0	27.0	28.0	29.0	30.0	31.0	32.0	33.0	34.0	35.0	36.0	37.0
CRR240989_f1	4.0	94.0	657.0	2965.0	9318.0	23377.0	48419.0	89701.0	149699.0	238095.0	362447.0	554733.0	897145.0	1804505.0	10875992.0	3621904.0
	21.0	22.0	23.0	24.0	25.0	26.0	27.0	28.0	29.0	30.0	31.0	32.0	33.0	34.0	35.0	36.0	37.0
CRR240989_r2	1.0	132.0	1592.0	7077.0	20223.0	44769.0	82328.0	133180.0	195087.0	271157.0	362407.0	477529.0	641175.0	916370.0	1578525.0	9391143.0	4556360.0
	22.0	23.0	24.0	25.0	26.0	27.0	28.0	29.0	30.0	31.0	32.0	33.0	34.0	35.0	36.0	37.0
CRR240990_f1	5.0	113.0	833.0	3730.0	11718.0	28729.0	59459.0	107589.0	180022.0	280765.0	428361.0	649090.0	1043346.0	2093679.0	13127655.0	5259754.0
	22.0	23.0	24.0	25.0	26.0	27.0	28.0	29.0	30.0	31.0	32.0	33.0	34.0	35.0	36.0	37.0
CRR240990_r2	127.0	1655.0	7588.0	22110.0	49598.0	91913.0	150028.0	223482.0	312647.0	421335.0	557484.0	750530.0	1078308.0	1850528.0	11280179.0	6477336.0
	22.0	23.0	24.0	25.0	26.0	27.0	28.0	29.0	30.0	31.0	32.0	33.0	34.0	35.0	36.0	37.0
CRR240991_f1	2.0	109.0	772.0	3380.0	10629.0	25944.0	54353.0	98322.0	165562.0	261233.0	398036.0	607623.0	985952.0	1978547.0	12484637.0	4932176.0
	22.0	23.0	24.0	25.0	26.0	27.0	28.0	29.0	30.0	31.0	32.0	33.0	34.0	35.0	36.0	37.0
CRR240991_r2	157.0	1957.0	8519.0	24412.0	53551.0	97838.0	157727.0	232090.0	319353.0	426645.0	559190.0	746217.0	1060170.0	1813397.0	10848536.0	5657518.0
	22.0	23.0	24.0	25.0	26.0	27.0	28.0	29.0	30.0	31.0	32.0	33.0	34.0	35.0	36.0	37.0
CRR240992_f1	3.0	130.0	1011.0	4473.0	14161.0	34355.0	71218.0	128879.0	213720.0	333652.0	502629.0	760353.0	1219615.0	2440946.0	14904193.0	5149964.0
	22.0	23.0	24.0	25.0	26.0	27.0	28.0	29.0	30.0	31.0	32.0	33.0	34.0	35.0	36.0	37.0
CRR240992_r2	138.0	1653.0	7720.0	22724.0	51400.0	96763.0	158757.0	238789.0	335902.0	455354.0	610591.0	827167.0	1189448.0	2058673.0	12654620.0	7069603.0
	22.0	23.0	24.0	25.0	26.0	27.0	28.0	29.0	30.0	31.0	32.0	33.0	34.0	35.0	36.0	37.0
CRR240993_f1	3.0	110.0	860.0	3712.0	12091.0	29414.0	60756.0	111208.0	185368.0	291510.0	441879.0	672307.0	1084017.0	2184565.0	13640371.0	4933262.0
	22.0	23.0	24.0	25.0	26.0	27.0	28.0	29.0	30.0	31.0	32.0	33.0	34.0	35.0	36.0	37.0
CRR240993_r2	123.0	1680.0	7581.0	22099.0	49721.0	92621.0	152013.0	226703.0	317504.0	428514.0	569633.0	769916.0	1110324.0	1924287.0	11784506.0	6194208.0

