geneID	BJ278C1	BJ278C2	BJ278C3	BJ278P1	BJ278P2	BJ278P3	BJ89C1	BJ89C2	BJ89C3	BJ89P1	BJ89P2	BJ89P3
ONIVA01G07170	7.544111548613596	8.093093805562255	9.87664803574062	-0.9057821930318435	7.906551940547694	3.9433244433889874	10.969207890718552	11.235396100564087	10.902833191321893	-0.5452307833884789	0.7038735319031233	-0.6569888170767039
ONIVA01G07410	6.656904117707784	7.256947552596132	6.888959282837659	-3.569573433567462	1.1244787036106882	-2.935761617123796	6.5095770101863915	6.505013903541411	7.472776709374822	-1.9724413778030665	-2.344692749562158	-1.6195431933199205
ONIVA01G16640	-5.221447320240882	-5.193184689923162	-4.917701634157854	2.704163614239896	2.919178003546641	3.836440054080879	-4.942060316125676	-4.9436426567279534	-5.1335529563985025	1.1613348849518645	2.005396877459005	2.6901874435541075
ONIVA01G18800	-5.221447320240882	-5.193184689923162	-4.917701634157854	3.1204544369421807	2.2752262718320932	2.437046027398778	-4.942060316125676	-4.9436426567279534	-5.1335529563985025	1.56620877565593	1.9197312612460713	2.416977718474551
ONIVA01G18920	6.905646270387722	7.154085477013017	9.072776146026925	-1.9843177939328898	7.240200899504542	2.4215349783471765	10.336657330503446	9.655724213195926	9.90339209926115	-1.0295995749247262	-0.3777010373417406	-1.7795901111102934
ONIVA01G18960	-5.221447320240882	-5.193184689923162	-2.5950437443162517	2.3788303141582783	2.619159819614228	3.3542182883791503	-4.942060316125676	-4.9436426567279534	-5.1335529563985025	2.252455529003223	1.7749667266285383	2.3966406435697003
ONIVA01G21950	2.773662129584648	3.1952180665499466	2.1588628544007684	-2.8319263276706437	-5.14661121248395	-3.675141025656617	2.941883719085449	3.063074575950549	2.0422534785318485	-3.354494880803968	-5.806108647729095	-5.864783907602566
ONIVA01G41350	-5.221447320240882	-5.193184689923162	-4.917701634157854	5.358028719925095	5.283584430630834	4.678687882270072	-4.942060316125676	-4.9436426567279534	-5.1335529563985025	5.34296279582728	5.415019464538138	5.298858867092614
ONIVA02G31230	-2.904637940648126	-3.629062932128792	-3.3130055015856	3.9905986120810555	3.6837359800226785	3.5027881416332804	-2.1127593370578195	-4.9436426567279534	-5.1335529563985025	4.6975122718294795	4.334253561277772	4.593088878069111
ONIVA03G02020	-3.6369607889932962	-5.193184689923162	-3.330677099116506	6.2143049528741905	6.5613796715747945	5.460874371802432	-2.6217627657811007	-0.42250136514653713	-5.1335529563985025	6.041897542580114	5.8027042439030545	5.933340281126734
ONIVA03G04860	-5.221447320240882	-5.193184689923162	-4.917701634157854	3.893649407994356	5.858223679735171	6.046526970789193	-4.942060316125676	-4.9436426567279534	-5.1335529563985025	6.159827078903494	6.335442094108942	6.918309640846094
ONIVA03G05940	8.639833958817455	8.802306584726114	9.837837911376898	0.28150107047834	8.17794199788835	4.142604320614022	10.915140780757222	11.082135994988013	10.826952927985001	1.318394796054545	2.7537356228304266	1.5631157445590351
ONIVA03G15430	1.6498349451245167	1.2824177716590621	0.8111648869428995	8.465348903401171	8.77827149363354	8.875266061557	2.5856243617085686	2.7557806238563987	2.2485070044404765	9.022703808992217	8.910003583544869	9.37877799195365
ONIVA03G20710	4.427887421057335	4.433559088946872	4.376537619964473	-1.2448213081757278	0.5163627299731584	-3.6784311800105898	5.477723722913415	4.275760455871149	4.73800602023307	-5.674945861724945	-3.48330431840481	-2.1629017501117276
ONIVA03G28970	-5.221447320240882	-3.6111964519495627	-4.917701634157854	3.630629611066663	1.4172803714055446	2.4175679643966252	-3.3566227286545725	-2.1344565047734143	-5.1335529563985025	4.70995774017831	4.673669879518538	4.603391990647559
ONIVA03G33910	-0.9729210727280517	-0.24009631395830128	0.36942895919360275	6.6744940277757445	7.074381801005241	7.25733127844226	-4.942060316125676	-1.0425359908837013	0.0763466153278139	6.564753766328156	6.33058870041091	6.725869609412821
ONIVA03G35960	9.124086579278764	9.139537374615463	9.060726089922916	3.2762697762981237	1.8900707314956189	2.606189211906612	10.005037333837578	10.215829052408893	8.690908530382657	2.0060094536987996	1.1385795495475373	1.2927387319522885
ONIVA04G24020	-5.221447320240882	-5.193184689923162	-4.917701634157854	3.974036257288472	5.055049162163416	5.330768892877905	-3.359701034083921	-4.9436426567279534	-2.81322897929423	4.95329588730977	4.616988701162779	5.443734330246444
ONIVA04G24790	3.2075591315031975	1.9677824836072397	2.093907615480559	-5.1545027584558865	-5.14661121248395	-5.258798789722394	2.82830392094469	3.7681116333625106	2.8881795040770872	-5.674945861724945	-5.806108647729095	-5.864783907602566
ONIVA05G00140	2.6627470773753905	2.165549029322072	1.9010604293946514	-5.1545027584558865	-5.14661121248395	-5.258798789722394	1.9218792620928542	2.6412431778649883	2.1422041649715404	-5.674945861724945	-4.22206383020556	-5.864783907602566
ONIVA05G10110	-5.221447320240882	-5.193184689923162	-4.917701634157854	1.1822878201945728	1.9607493753093646	2.0727250806597253	-4.942060316125676	-4.9436426567279534	-5.1335529563985025	2.267732226121616	2.122392986037258	2.996377212669787
ONIVA05G12780	0.31950200701127074	1.4328348864298224	0.52097308311897506	8.662707352208784	9.056158810735868	9.648581385768642	3.381314803572694	3.0907845156646423	3.07196480974773	9.26854673313605	9.238009950752803	9.789758947837292
ONIVA05G12790	1.7561287772214467	2.2314515463486675	2.700105586914529	11.031172415458826	11.939459713089459	11.976011150648862	3.3608140124634622	3.201825404795539	3.5039284922547043	11.813723642022353	11.884707654459048	12.213303668487434
ONIVA05G12830	-5.221447320240882	-5.193184689923162	-4.917701634157854	4.071444294152209	4.168165889544624	4.749356233625741	-3.3445997057908423	-4.9436426567279534	-5.1335529563985025	6.809175200918121	6.442464292771917	7.009207078975189
ONIVA05G12840	-1.1420863772618315	-1.5178276005979754	-0.5082041459652162	5.976742343733275	6.7548293249234	6.730280109583689	-2.1250094032021756	-2.5942573144942545	-5.1335529563985025	4.359849324854945	4.428368248651036	4.828218004837533
ONIVA05G25500	-0.17621693954375434	0.8726335018724032	1.4926954346248251	9.379513565574083	9.850460035926487	10.527835228735695	1.1628316040619888	2.2677505236364564	1.6064531995144997	10.937556621998732	10.85106149027296	11.496353687422724
ONIVA05G26060	-5.221447320240882	-5.193184689923162	-4.917701634157854	2.496002616393248	4.643969122360314	3.353820286182576	-0.6514659786573934	-0.5522468025130424	-2.7957070891763482	5.282080692051656	5.087071018101292	5.08830915952724
ONIVA05G28570	-3.635855718288416	-5.193184689923162	-4.917701634157854	3.4648997969680235	4.408899098005694	4.068107032742576	-4.942060316125676	-3.3652739574700767	-2.329538228593303	3.337409772733914	3.5242134231007434	4.129677610565344
ONIVA05G29080	6.739001477049186	6.065655949562422	6.303014792273017	-1.69354107541448	-2.8527419841983574	-1.3664869403223854	6.14583686608541	5.629073319777639	5.589006028979527	-1.4302690773892137	-1.4582209819573555	-2.4036072208865087
ONIVA05G29110	-0.271972280037705	0.22999193490970485	1.2890178741835914	8.459625397147901	7.380186112141577	8.257662662808235	0.4200072497164918	-0.40990203147012205	0.5504561850032273	8.49100634334355	8.228660595801275	8.440145618428742
ONIVA06G09460	-5.221447320240882	-3.603301057337347	-4.917701634157854	5.193167710371838	6.365350144967182	6.137345951361166	-3.1612412551796427	-0.2805689246213191	-0.3856135534353886	4.842538611831222	4.071735450842901	4.911912090851782
ONIVA06G16500	-5.221447320240882	-5.193184689923162	-4.917701634157854	0.40166934521724124	3.0763479494241013	2.640473206365808	-3.3598033455998197	-4.9436426567279534	-2.813891639364159	3.303623763413057	3.555725471712699	3.805210849270849
ONIVA06G31440	-5.221447320240882	-5.193184689923162	-4.917701634157854	4.0135121039531265	4.297169612115974	3.8192127196191827	-4.942060316125676	-4.9436426567279534	-5.1335529563985025	5.171580579234845	4.2476767016557115	4.767728882987227
ONIVA07G02560	4.296287943678268	4.208652812694197	4.805498927937935	-2.3458921936345973	-2.3416036513332443	-5.258798789722394	4.699278624445629	4.814592304809046	4.5316678643592265	-4.091928175953581	-2.1042409056587417	-2.6954876776847394
ONIVA08G00310	-1.8046754351534666	-5.193184689923162	-4.917701634157854	6.1467578428326535	6.539901872565525	6.405018082884402	-1.1744075818020459	-4.9436426567279534	-5.1335529563985025	7.610801699935049	7.4521244370792745	7.969316189815288
ONIVA08G02650	5.682496459342213	5.126893247369951	4.656684070127154	-1.2477111243667567	-2.821056455435651	-2.9356847957272483	5.9856194653187345	6.45808988493783	4.95077844200507	-2.213373818746666	-2.9968826030561293	-2.6974492225474354
ONIVA08G10120	-3.636703153189428	-5.193184689923162	-3.3329291437794213	6.847337648657965	6.638756635534309	7.153012510233605	-2.6241082590199616	-1.781920710221245	-2.328696242937985	7.711859593167031	7.828215578334169	8.044525395618624
ONIVA08G17850	-2.8978289349319093	-5.193184689923162	-4.917701634157854	4.381346672804166	5.06102212693	4.576993348788962	-4.942060316125676	-4.9436426567279534	-5.1335529563985025	5.3647641407267335	4.354797046904748	4.858610028544269
ONIVA08G19930	6.281876385221362	6.8245763147343	8.077051471959614	-1.6925905559036751	4.540036086335105	1.0748445028430507	8.191270047298476	8.076753204900891	8.218246500050043	-5.674945861724945	-1.7175860610772409	-1.615746304398089
ONIVA09G00350	-5.221447320240882	-5.193184689923162	-4.917701634157854	5.5491921650401785	5.8605917221122334	6.159120195580437	-3.3612497774890104	-1.0512871464505913	-3.5557855941349588	4.4775495536904915	5.391738161421785	3.8541384506029988
ONIVA09G10510	-1.5176397098734817	-1.2870911627177883	-1.7397773172126478	4.6805101085517755	4.3165384504749715	4.182342143348078	-4.942060316125676	-4.9436426567279534	-5.1335529563985025	6.101231315349818	5.6783339170954665	5.813162894093678
ONIVA09G15580	3.5912081004522096	2.932845287559529	3.8871962763680687	-5.1545027584558865	-2.8243903433135653	-3.674235091414732	5.702532725256087	3.687242459955205	3.6863418984673975	-4.090270890443773	-4.219413815891426	-3.543287787409682
ONIVA09G18980	-5.221447320240882	-5.193184689923162	-2.5931311592413526	5.018507350033396	5.766868120250471	4.251807256774548	-4.942060316125676	-4.9436426567279534	-0.8771939938882515	6.830206308683782	6.658068521780165	6.371118518537942
ONIVA10G17040	-0.23297979933101776	-0.2991813811539665	-0.24413942425436624	6.35168067941462	6.386484582825534	6.879120831700493	-4.942060316125676	-4.9436426567279534	-2.7932363679147283	5.904646612435349	5.820872839613092	6.637671369841136
ONIVA10G22110	4.298439390052028	3.877772466994475	4.425819157185452	-5.1545027584558865	1.6627533430961043	3.4459354671286495	4.556518994009152	4.630606553244241	4.544348513816082	-5.674945861724945	-5.806108647729095	-5.864783907602566
ONIVA11G10870	-2.4101530231441015	-5.193184689923162	-4.917701634157854	3.913015269950777	4.2371357258484545	4.438838811461732	-1.4882693915967249	-3.3702285932004252	-3.5573444281862385	3.145679061817698	3.972139151386712	2.696992830923787
ONIVA11G12140	-5.221447320240882	-5.193184689923162	-3.333269535321662	1.186084147015642	4.0401605051192995	4.242025258294218	-3.360834439849016	-1.4919762250681121	-3.54980881576985	4.701451888151107	4.645215614320884	5.166064278846209
ONIVA12G05380	-3.6453710879272205	-2.8963196713409585	-2.5859601360996063	6.025520372130583	7.978902256764396	7.863643408357879	-0.6889730333471024	0.12746839981787772	0.3968317800901504	8.05207071424524	7.913014639277428	8.789412060590553
